image_width: 1296
image_height: 964
camera_name: 0
camera_matrix:
  rows: 3
  cols: 3
  data: [816.118268598647, 0, 680.6511245884145, 0, 822.0196620588329, 458.230641061779, 0, 0, 1]
distortion_model: plumb_bob
distortion_coefficients:
  rows: 1
  cols: 5
  data: [-0.3014687793515643, 0.08833386719988248, -0.0008052827098236777, -0.004742307626243158, 0]
rectification_matrix:
  rows: 3
  cols: 3
  data: [1, 0, 0, 0, 1, 0, 0, 0, 1]
projection_matrix:
  rows: 3
  cols: 4
  data: [640.8273315429688, 0, 678.0223395749272, 0, 0, 725.19482421875, 449.8919879974565, 0, 0, 0, 1, 0]